user,trial,selection,cue_a,cue_b,pos_a,pos_b,success,reward,time
no-one,66,2,2,0,2,1,1,1,3714
no-one,67,2,2,3,3,0,0,0,1359
no-one,68,2,2,1,2,1,1,0,1512
aa,7,0,0,3,0,2,0,0,2398
aa,8,3,3,1,1,3,1,1,1629
aa,9,3,2,3,2,1,1,1,1614
no-one,1,1,,,,,1,1,3166
no-one,1,1,,,,,1,0,3277
no-one,1,0,,,,,0,0,1636
no-one,1,1,,,,,1,0,1407
no-one,1,0,,,,,0,0,1364
no-one,1,1,,,,,1,1,1788
no-one,1,1,,,,,1,0,2705
no-one,1,0,,,,,0,0,2395
no-one,1,1,,,,,1,0,2041
no-one,1,0,,,,,0,0,1740
no-one,1,1,,,,,1,0,1449
no-one,1,0,,,,,0,0,2411
no-one,1,1,,,,,1,1,1681
no-one,1,1,,,,,1,0,1438
no-one,1,0,,,,,0,0,1431
no-one,1,0,,,,,0,0,1288
no-one,1,1,,,,,1,1,1238
no-one,1,1,,,,,1,0,1184
no-one,1,1,,,,,1,1,1379
isa,2,2,0,2,3,1,1,1,3027
isa,2,1,2,1,2,3,0,0,2637
isa,2,1,2,1,2,3,0,0,2458
isa,2,1,2,1,2,3,0,1,3792
isa,2,1,2,1,2,3,0,1,3647
isa,2,1,2,1,2,3,0,1,2120
isa,2,2,2,1,2,3,1,0,2767
isa,2,1,2,1,2,3,0,0,2362
isa,2,2,2,1,2,3,1,1,2105
isa,2,1,2,1,2,3,0,0,1703
isa,2,1,2,1,2,3,0,0,1342
isa,2,1,2,1,2,3,0,0,2611
isa,2,1,2,1,2,3,0,0,1813
felipe,3,0,0,2,0,1,0,0,2141
felipe,4,2,1,2,1,2,1,0,1773
felipe,5,2,2,0,3,0,1,0,1506
felipe,6,2,2,1,1,0,1,1,1401
felipe,7,2,1,2,3,1,1,0,1601
felipe,8,3,1,3,0,2,1,1,2220
felipe,9,3,3,1,1,2,1,1,1705
felipe,10,2,2,1,1,3,1,1,1666
felipe,11,2,1,2,2,3,1,1,1633
felipe,12,3,0,3,0,1,1,1,1514
felipe,13,3,0,3,2,1,1,1,1715
felipe,14,3,2,3,1,0,1,1,1622
felipe,15,1,0,1,3,1,1,1,2264
felipe,16,1,1,0,3,1,1,0,1653
felipe,17,3,0,3,3,2,1,1,1779
giny,2,2,2,3,0,2,0,1,2290
giny,3,3,3,0,3,2,1,1,1417
giny,4,1,1,2,0,2,0,0,1323
giny,5,2,1,2,0,1,1,0,1274
giny,6,2,1,2,1,0,1,1,1284
giny,7,0,0,1,0,2,0,0,1673
giny,8,0,0,3,3,2,0,0,1190
giny,9,3,0,3,2,0,1,1,1212
giny,10,2,2,1,1,2,1,1,1293
ddd,7,1,1,3,0,1,0,0,2801
ddd,8,3,0,3,2,3,1,1,1943
ddd,10,3,0,3,2,3,1,1,1736
ddd,12,3,1,3,1,2,1,1,1404
ddd,13,0,2,0,2,1,0,0,1435
ddd,15,3,0,3,1,0,1,1,1577
ddd,16,0,2,0,3,1,0,0,2590
ddd,18,1,3,1,1,0,0,1,2075
ddd,20,0,1,0,3,0,0,0,2186
ddd,21,1,1,3,1,3,0,0,1847
ddd,23,1,1,2,2,0,0,0,2464
ddd,25,1,0,1,0,3,1,1,2255
ddd,26,0,1,0,1,0,0,0,1596
ddd,28,3,0,3,1,2,1,1,1749
ddd,29,2,3,2,3,0,0,1,1778
ddd,31,2,3,2,3,2,0,0,1948
ddd,32,1,3,1,0,1,0,1,1684
ddd,34,1,0,1,0,1,1,0,1711
